3827
3683
4695
5375
591
6065
1125
8851
6313
1933
6403
33
4105
553
2757
5607
1925
231
8525
5023
6565
8191
5741
6001
8707
5799
1307
835
5927
8435
8171
8861
171
4897
6343
8005
2495
8093
5309
3195
1117
549
8861
9923
7253
5591
827
2457
3605
8699
6815
7973
6461
3381
3779
6639
167
2937
4539
1915
3959
9907
7249
9329
6665
5513
8787
113
235
9279
4039
2741
6513
2631
441
5841
8935
5073
7363
699
4649
573
4059
5715
7589
4459
7827
8603
753
6573
4551
6397
1627
395
8019
1005
1691
649
8929
7015
5847
323
9811
9267
9619
5301
3107
4709
4055
6911
3499
97
6809
4219
6421
3697
4683
2327
5107
1485
2015
6739
6577
3389
8541
4853
2913
29
565
5817
4371
5257
2001
8451
6617
2079
8183
4191
615
5285
1199
3065
9457
7085
4837
7141
3681
3463
7509
9479
2691
5693
1477
187
4171
6893
9629
4517
7855
577
3443
5845
9907
4525
6671
9171
3063
3593
4231
3691
3221
6383
1113
903
9373
3333
8427
2165
4019
8989
2437
4259
2255
6155
2347
6837
5705
7539
345
7741
9319
6019
6399
4893
4839
7303
5813
6751
7535
219
409
9485
8913
1373
1717
7575
3681
7031
3381
9771
2875
4109
4851
6379
3391
169
8353
623
2169
1953
2965
4233
7989
8819
9187
9165
5677
7929
3763
4131
885
9163
1767
2795
4393
2793
587
7699
4113
1243
1229
963
8427
3783
1043
9395
711
6419
2365
6887
9397
9211
3989
7633
6987
4179
7937
9005
7979
1427
9673
3329
7315
757
7107
9329
4293
1285
1749
1359
731
3889
6699
6527
4041
251
549
2451
9051
2909
6395
7193
5147
5067
7797
663
5675
9995
6721
9219
9215
2255
839
9059
5715
59
3705
109
9939
2019
8129
3855
7495
7563
981
3351
6533
1183
3201
6801
8173
9685
5659
2641
9259
7425
8439
4265
4193
7551
2497
6601
8739
6587
959
6885
4561
4557
6897
7287
9049
4443
7735
3497
7695
1789
1777
1505
7477
659
8189
4677
7527
2787
2223
9879
523
4897
4037
4625
1311
4445
5707
5449
8863
4833
1027
5169
113
1979
8255
171
5215
4493
8559
7349
9895
6107
9125
4205
6979
8543
1633
955
7883
1205
6639
1935
5711
5737
3055
5445
699
9043
2953
1141
5385
4695
907
8615
8689
8283
5977
1191
6513
3187
8073
167
8291
9431
4359
6595
8283
7873
9599
9279
8831
5727
3703
7701
4813
5115
3387
1863
7971
7513
7665
1235
729
2391
6413
2079
7247
145
3743
8321
7465
517
6193
8771
2495
7181
2427
4527
871
835
5877
9397
5941
2839
7057
2249
9063
6009
6711
4821
7767
8439
7881
7417
5463
5139
7935
5023
4021
4189
9971
2811
9679
2909
9133
835
437
7841
751
8219
3359
4671
7145
3863
7467
5869
6737
777
7037
4397
5667
3169
3217
2749
8059
3733
5349
6205
3345
1125
377
4921
3299
6633
9647
9257
3901
2753
9179
5737
9085
3193
1871
7513
4293
583
4045
9603
1177
3723
843
4105
4477
2891
7723
9345
9763
5567
5973
477
8101
7877
1755
8783
9929
8235
587
7445
771
3419
3333
575
9991
5715
1561
6897
1363
4911
6303
8225
251
841
4979
1361
6501
9617
9023
2933
6359
2893
9035
9845
8949
9341
8061
3
5413
6883
5193
1953
2297
2987
8933
6645
1113
6637
235
5667
9519
9411
5291
4687
911
7721
1639
4307
485
7569
9835
5633
4919
3983
1435
9025
443
5137
7343
4435
7711
8029
589
9233
9769
8943
3187
8593
4119
6883
3657
6863
5615
2169
7075
8803
8631
1661
7941
1085
4283
4267
6401
8439
3625
2579
3091
359
6059
5967
1911
4521
9777
8647
7445
2957
5597
6605
443
1349
507
9123
5859
1221
5235
1081
6751
7329
1573
5465
6227
4905
1703
4075
6253
1065
3529
6979
3425
2325
7903
3139
2353
8671
9929
6403
9883
7695
4133
5049
3051
8205
2021
9153
1547
3395
7647
2091
4677
4891
1725
5295
6869
4679
7053
5737
6331
5979
6477
2139
5969
4081
4081
1775
2779
8491
3759
7965
5325
1487
2365
9911
8819
5701
8165
63
5449
6013
3799
5081
7659
6097
5071
6423
8003
6905
5341
8547
2963
5555
1933
6245
7359
5615
8511
6919
3133
6587
577
27
2423
2659
1297
7581
795
8887
6607
5103
7807
1831
7875
8409
2391
6047
3803
5171
9419
3987
2703
6079
1749
519
2061
5631
8377
9331
8347
7669
2919
5967
8463
9015
8609
2883
9491
4239
2063
2361
9015
2515
4839
495
207
3361
8851
4913
3693
3707
2487
3227
5423
4163
1737
5691
9673
5809
1665
6309
5513
5671
3489
1063
7011
1873
3403
5517
5017
4377
8317
1895
5025
455
639
1137
2127
5441
8091
6329
6063
9065
4857
7561
1583
1227
9235
791
1711
9993
211
2007
9165
7055
21
2001
4599
6463
3517
8261
2681
6819
6281
541
5867
83
2897
2417
3801
9047
3809
9321
5139
71
4283
8751
2225
6645
3279
7293
2735
7209
1203
1203
8441
6115
4845
1901
4025
4307
6185
9557
9253
7095
2589
3883
5161
9319
9175
6413
9277
7301
8013
9523
8629
8145
1591
7743
9823
3783
5431
6161
5221
9521
3245
1703
8123
5321
8383
5899
573
9667
2715
8057
7139
3749
1395
9055
2305
4183
7549
5567
7419
6805
5907
3543
6537
3805
3945
4015
999
365
1677
4283
8533
4647
5687
25
1015
9539
1725
5697
6197
7251
8913
4537
8437
6317
6539
4615
6087
7343
4251
6983
6273
7965
5513
5593
91
613
3745
4719
8759
8157
4243
8853
8765
349
9213
9725
4649
625
7335
9853
7219
6737
9537
4661
3655
1033
2243
3909
1233
1279
4345
2353
2967
9769
6311
7427
3599
3155
7883
7109
789
5099
1363
8221
3129
631
3393
8989
9759
1893
9235
4739
7521
9437
989
6473
305
7011
2679
9203
739
7981
2565
6055
1453
589
5377
439
9255
383
129
6797
6017
7219
5573
9741
6869
9325
3905
301
8271
8771
1819
6595
1065
3185
1505
9951
5283
5127
2687
3547
4111
5659
8269
7939
8777
815
9101
1457
6231
2499
6959
3585
2915
2311
2861
7861
853
6991
2279
6613
9081
229
7459
2093
6837
5711
7735
9363
6871
9919
7729
9905
9007
8903
7965
2653
3657
5157
8869
9005
4697
3951
3333
6565
6407
2517
8063
5229
1153
2981
827
6467
2521
8597
9399
6875
7661
6081
4997
5651
1471
507
597
6215
845
8793
897
4355
4687
9383
4779
2777
1257
6451
4443
6925
1189
2015
2395
2099
5137
5103
1819
3573
6169
5921
1305
7473
4001
6141
5271
8833
8505
1695
9251
9673
6619
785
9433
8215
5885
9965
6501
8495
3495
9191
5515
113
8815
129
1431
7751
9847
2237
4319
6947
5013
3555
803
2491
9907
4789
7105
8723
1533
5593
8213
43
9657
5693
4815
2217
3385
9843
8383
6685
8595
3925
3861
7941
9983
2421
4187
375
5173
9487
7713
7035
6809
783
5057
309
5753
7529
5559
4339
8333
2973
9891
2837
5327
6241
3709
4381
5659
7701
2915
1611
4723
7045
4339
4529
2405
1419
311
1205
5787
6087
2697
6979
5553
6123
6739
1033
227
7009
6087
6119
4143
1097
8065
4741
8751
6541
8297
7733
7841
6243
3245
8063
5857
3677
3837
9359
6029
8607
1619
8159
7569
7239
2959
219
3561
6999
1767
8127
9383
7889
1727
3871
5431
8023
9653
7955
1759
3567
4037
559
9737
9755
3687
9901
9421
1907
7589
6603
3693
9095
5891
4187
2245
9425
5945
3261
9401
1723
9613
4165
1999
2745
1285
897
7583
8845
9745
5179
1093
7607
5145
2107
8089
4811
6505
6495
1559
3635
431
7199
5259
2983
7037
9565
8747
5679
3865
7097
6237
8169
1705
5187
6631
2407
991
4795
1585
683
9967
4295
9047
1931
275
521
2949
539
4061
3283
5033
895
4771
9785
8263
1873
4901
6707
5721
8731
7643
5295
583
3523
5907
1539
7725
2259
5457
1589
5163
3203
5407
4615
6873
1233
2663
6967
6499
8219
6653
4115
6525
7859
8419
7621
9105
7155
259
425
1241
1785
817
7753
2341
2475
9717
6083
7089
6419
4923
7287
6805
7007
9219
4287
4965
8713
805
7191
8299
9459
3007
7171
9715
5909
7263
3505
9521
5327
8923
6735
4917
221
5493
67
2009
3673
2441
5829
2161
1791
4343
1173
6239
7321
389
5533
157
7267
4109
7247
7289
1801
7559
8015
7211
4933
1873
5771
3535
2407
4941
75
1593
615
8419
3365
4841
1191
8841
8269
3755
6899
2363
1839
6317
1139
2441
2931
6399
5067
1047
1829
1225
2293
7377
6575
9739
4475
1027
2821
6605
649
7679
877
1037
1585
8313
8383
6855
9431
9923
5745
5583
3039
7799
1707
1797
5203
6959
3961
2965
9749
9671
6683
5039
4843
177
9047
1991
791
7843
459
5137
6839
5271
4479
9739
3237
7265
8463
4047
8273
2229
4405
269
8657
8001
8359
9521
303
2613
8723
9117
8033
259
5043
5615
2081
7733
507
6677
343
1757
5869
7883
6263
8945
1833
9971
4399
3095
245
3819
3927
6917
6337
6971
1225
8125
9815
9563
3221
149
1305
4453
5325
6757
4113
1839
695
8811
7063
4189
7769
6657
3399
7441
9051
1275
9113
5329
831
1565
7495
7407
9839
7079
2935
4697
3973
8613
9561
169
2859
3601
529
3509
5011
3973
6037
7995
5125
9823
8945
2803
7517
153
1763
529
1545
7321
2747
831
285
8819
3109
715
4205
921
3489
7987
5523
7149
7709
1437
5021
4441
3819
8471
7103
6143
7227
6819
1649
1523
5923
8591
865
2603
4733
247
1933
7379
9959
7597
8945
3081
4255
2099
9615
6733
4481
413
5645
5827
2999
4397
7369
7631
7315
2943
9631
2039
6379
8443
7945
4345
6569
1527
411
1079
8599
2227
9915
5373
6625
6175
3365
4045
4371
3741
7881
7465
5875
3283
3055
4873
1551
8323
3701
4255
3201
6267
2923
6055
199
2247
1133
991
5545
1285
895
3223
113
7643
9525
8929
8777
6253
5337
2093
8969
3103
7591
2913
8477
3459
2591
8017
8341
2813
9659
9949
9457
9495
9615
7427
9781
9173
913
5693
7381
8605
8821
3089
6985
895
6171
5615
793
9833
1
9679
3935
2481
59
2235
3123
6337
4525
9837
4771
8155
4339
9463
3641
1203
623
2099
9621
4065
9317
639
3375
3267
5583
7145
1621
6965
3585
2069
8179
1209
4453
7077
9279
9947
7437
2579
3279
8807
9783
3027
4003
9257
3861
5705
85
9305
6119
7965
9187
6789
6191
625
9177
1061
5465
3435
4911
1095
9851
1611
6101
2753
7805
7287
4021
7249
1779
4269
8663
6077
9763
9075
6915
6925
7107
561
4549
6325
1871
5195
3003
873
3487
8859
3037
9129
6793
7085
2407
2795
781
1547
7751
881
1693
1943
9447
6643
3609
945
871
7799
9329
1613
7061
9541
8309
4087
9413
2227
2813
9713
6361
2899
6727
5223
9079
2919
2139
7823
6375
1901
6161
8667
113
9019
3763
741
8493
9795
6757
8097
1135
5955
6277
1937
8805
9749
5539
5749
665
6601
5967
43
579
1155
9951
4743
8201
2859
807
6023
9219
7753
365
1633
1205
535
5575
7489
7593
75
885
7201
1049
2233
6565
1759
2781
9951
6845
6769
7125
9431
4125
6917
741
7161
2793
243
7859
9987
667
3475
6161
4371
6239
639
3693
4933
9149
2343
9733
1165
5741
6259
7581
7141
309
3873
1983
4451
1739
2963
3393
6823
5179
1157
8593
8037
4581
9955
3823
2193
4541
1879
2027
4779
4823
9163
7463
9503
6967
505
6131
5545
4155
1843
7233
5903
7609
6967
1305
6029
5549
3951
6575
8697
3577
3241
3115
4681
5243
4821
5225
7105
5587
1443
3973
9173
9619
7087
3049
8189
8261
4019
3103
3805
1273
79
4567
6811
4069
4005
367
4561
8545
8145
29
543
1075
573
6795
1135
5509
1413
8789
6131
7503
1901
7799
2007
8433
375
6011
4371
3029
8291
175
4303
1911
7519
7215
3785
4003
7247
9159
2129
9109
3013
4465
4487
1957
6111
3659
1031
9659
1223
9647
6423
6003
6339
9487
2681
3845
4729
5355
5415
6151
7407
8301
2811
1535
8661
2539
4501
8975
4687
8409
9545
9605
9609
2839
8343
9613
7857
3681
1983
7333
3509
2359
2083
4607
7159
5547
7179
7845
7951
9499
3863
5937
5843
2679
2877
8207
1055
8471
2331
1341
8237
869
6701
3405
2867
7211
7087
3921
789
5483
3161
1485
2777
637
1883
4959
6381
4715
1183
1267
9545
3841
8529
9717
1399
3757
6955
6207
7843
1701
6217
1023
7507
9997
3907
6427
9861
6109
9537
437
5579
7433
8713
7575
4379
8453
6223
6605
8207
1189
47
5515
1827
9083
1323
3661
3191
3185
5655
9323
3773
625
9415
2179
4965
1415
3569
6591
9823
9751
5115
3449
7273
5227
6005
6175
8191
9127
9677
5039
2489
7233
4781
4261
3835
7593
9241
7175
673
1511
5575
4419
7011
3597
3563
7999
9807
3665
8951
3645
3663
3727
7215
3587
4523
8673
2143
9147
5061
5709
1159
5813
9523
6459
5705
7823
8195
4641
1455
3111
1279
2971
7973
587
4173
265
5315
9525
7903
2627
6867
5333
6799
673
8949
3477
8003
7675
2209
9237
6313
3009
7501
9111
6007
8645
2277
4903
5829
4865
3875
1995
3411
6331
6031
8615
9811
8715
4401
6741
1049
1885
45
7137
599
861
7983
6081
7829
4889
2229
3557
6463
1811
1309
7021
1785
2801
4615
4401
5677
1759
7401
8877
6527
9527
8651
3699
5889
8825
5039
3459
5385
5561
1211
4357
2849
1425
4165
191
2541
8937
1231
7935
8113
2575
4457
1889
245
1557
571
5481
2961
4677
5121
6691
2709
5329
5811
5783
1549
2065
583
4221
119
5381
7083
2411
6427
7147
9843
3421
9907
9481
8163
3437
9295
8305
8447
211
39
101
2509
1859
4229
4569
4631
445
9045
2885
6577
8943
2999
4427
1261
5573
1037
3869
6285
3219
4795
3517
6875
3169
9451
5721
765
59
4701
8177
339
2341
9047
2313
4341
9937
4211
3357
6837
2559
5071
2577
6825
6563
8303
3883
3825
3947
5161
8403
1167
6581
8253
4435
3601
4857
4123
2431
729
267
8517
1919
4585
6713
5805
5509
5809
6159
2801
3
4353
4089
8089
8803
4911
6891
9773
2695
9493
5973
6429
1843
8751
3439
8947
4315
5183
9711
971
3439
4657
9611
6727
5801
8091
1841
6299
9281
4141
4825
6473
7279
819
8851
235
6409
2979
7621
5495
5295
9535
7779
4467
9687
5113
4761
9907
8995
5213
7603
365
8303
5901
8491
6911
2769
659
9255
6479
4011
1267
4657
63
6065
9341
5343
8981
2229
515
2367
8085
3565
4093
6621
6111
4915
9757
7817
3991
2883
9771
559
73
3805
1103
135
9599
2781
1787
1885
6907
411
2945
5177
3475
9039
6865
8597
6253
2059
653
1625
9895
4795
3099
8883
7699
1109
1765
791
4987
3665
135
8699
5565
7539
1917
6843
7169
3711
5791
7291
2085
7621
7581
3357
3779
383
8281
4409
7537
9041
6933
135
5761
4147
3981
9931
9993
9677
4911
8485
4011
5163
6229
6027
7861
8037
37
2381
6381
5805
1323
3815
9147
6721
5453
6319
6793
2859
167
9089
4599
7663
2127
5431
4075
4861
7833
6747
5219
4839
5889
6645
4739
1323
3287
2373
5605
8485
6225
7691
4719
7277
4481
4511
5743
4445
7519
1311
4889
3467
4635
5935
3337
959
8549
591
63
1899
1719
1459
8199
6103
5703
7645
8665
789
5053
5953
5637
8763
5799
1409
1661
8949
4527
6209
7207
4135
7223
327
8151
9633
679
4065
1349
11
7309
583
3765
9089
6945
6359
2165
7525
5343
7597
3683
7959
8047
6423
5667
8499
6161
7661
7033
9221
7237
8221
7619
5101
6103
5205
7037
4811
3627
9669
1977
8887
3987
4947
9241
2105
1581
759
9575
1907
1369
8895
8235
6977
2197
4575
1355
2737
6231
9495
1737
5041
5321
6931
6485
6407
2723
549
8097
9945
5829
8041
8859
2325
9211
5873
5627
4505
899
2629
9611
8229
4273
6675
7685
8733
4431
9625
6923
9679
1961
2297
5097
3961
9995
2041
2241
6599
1651
6009
8479
9835
6623
1327
8219
5687
991
7123
6877
4563
3235
4647
2827
8929
7429
4369
2161
6123
6531
7149
269
2419
663
1761
7799
625
5947
3989
7191
5063
7837
9467
547
8865
637
2687
3849
8289
6741
195
7381
9165
6363
6397
2149
4137
9077
6671
7755
4711
9025
615
4895
4433
9145
4425
8881
5663
8179
8891
5105
7957
2355
8135
2897
9885
6097
8263
9491
1033
9229
2073
2543
2105
7473
2935
1693
4913
3305
1573
8961
5717
5649
3691
6041
8183
3739
5767
3601
6681
8431
8815
3663
819
1167
6887
6955
5611
2109
9357
4539
4479
6771
2459
8345
2231
8743
919
4273
4411
181
99
2035
1569
5125
2687
377
6765
5289
8465
4091
7517
9161
4975
4419
2293
1037
5857
5105
969
1095
2849
2999
3775
2279
6871
1009
4373
5343
8345
9657
7527
4331
5021
9019
5401
9373
1325
359
7615
7513
4943
8099
9001
3417
5971
779
389
1237
6797
3927
7383
3625
9881
5891
2295
6083
5193
9365
1149
3127
5
8667
8751
1217
6775
835
1899
5835
4337
8429
3569
219
4297
5811
2241
5349
1707
6121
7015
1095
8559
8541
8921
9959
6991
5037
9619
9231
1185
3445
3533
4407
1371
1233
6769
7357
1483
9389
745
8685
7705
7029
5305
615
7943
6593
8259
161
1595
5545
8687
2557
1419
7207
5493
6579
6737
641
9837
3973
7921
3621
8489
259
7631
7789
7339
8395
3169
3889
3121
7833
4931
3643
59
5201
4195
3775
2621
8211
2931
7313
603
3295
2181
2981
5087
3479
4511
5003
419
6927
5719
3383
2439
3569
941
3275
6141
9603
6219
937
553
2967
6395
8537
3807
8913
7135
6419
1925
8311
7405
2491
9661
7619
6347
7369
319
9159
8713
8673
233
4669
8173
6497
3899
4601
4989
6829
6525
2573
3115
3841
5573
7049
333
177
5825
875
2991
5763
107
8855
7083
1631
5781
647
9817
2689
8391
1649
989
1551
1611
489
1075
591
7859
4433
7897
671
503
3625
3623
1721
919
6191
3083
9049
6333
9619
689
3347
4597
7117
6511
7407
9583
3863
3367
5935
9463
8961
1815
3221
2421
5415
8087
2363
4463
7767
9095
8371
731
6171
7473
9879
2643
6387
8015
7805
5443
5499
8085
3797
6605
8819
5817
1207
5571
7983
159
8059
4613
7317
3271
8825
2773
5405
7229
3079
7753
2173
9257
447
3941
4089
6945
9499
4363
6905
4581
7697
807
7855
5195
1985
659
277
4593
7989
8981
1377
6463
7639
5793
521
9919
5559
5603
8681
7137
4547
8159
9205
7975
9287
2979
6295
2985
5759
8915
3825
7691
9733
6455
139
7233
5655
7377
4011
2465
5041
5391
7765
9971
5327
583
7495
7307
2553
2789
8311
3613
5957
1711
4913
1029
271
2747
573
2999
3737
1763
8155
1147
3541
2715
2415
5863
6497
4953
9825
5201
4809
1093
4417
5511
2903
9371
6279
7125
65
4137
8033
4001
2607
3501
5309
8437
379
4135
383
2287
9825
5013
9191
8703
2601
4291
2013
8675
6839
8919
4893
3451
3637
7365
9631
4879
9747
995
7301
2085
3523
9051
8677
4757
683
7959
6619
6817
5629
5341
6247
245
523
6799
3177
4943
6763
6153
2925
1429
1585
5341
3215
251
7629
7589
8497
8305
2999
1739
1939
7455
3965
6383
3119
7511
3995
8923
7295
5509
4051
8959
385
6397
3121
1169
5331
1125
6807
2119
2439
2539
9293
4419
3817
9273
3625
8179
4459
55
2399
8687
3603
2933
4303
8873
419
2867
6339
9855
485
2861
9163
3577
1387
5299
7735
8027
1191
5575
2731
8587
6501
2741
5329
4289
3665
9317
7365
8391
4125
349
3005
3331
2509
5009
3109
4935
5293
6809
8289
7897
327
5287
8201
6725
5801
2585
2139
1229
5299
3445
791
6101
3099
6531
4147
2569
6899
8045
6841
1429
997
2375
8823
7157
9711
9021
3975
3703
7267
6497
4941
869
3559
4813
2877
8107
8839
9897
9747
9327
5325
4849
4467
49
9551
7581
497
6351
3079
4565
8357
2895
3805
7099
8163
1369
3633
7819
5707
489
627
6277
573
6815
9435
6551
493
65
9089
7407
1041
293
1887
963
5389
5293
787
8311
937
8331
9527
5527
969
2321
1665
1717
5411
6375
8855
5795
8643
339
9275
4985
3553
7777
6615
8437
9791
7377
7017
7129
3447
5413
6661
7281
3529
3961
1439
327
7011
6929
1517
6503
3725
3535
4211
2047
8987
1763
3687
7693
5859
9727
699
9493
9825
575
3555
8421
631
9465
2185
2305
6677
5693
6391
4091
575
2259
431
1277
7721
409
5661
2771
1293
5343
7819
2917
2469
2641
6291
7235
6889
9779
5159
9089
3525
1297
5367
1871
7963
8303
355
7587
5967
6165
1253
4951
585
6991
7769
6625
4057
6261
8003
6623
7595
7407
1547
3421
503
297
51
7543
1251
3739
5441
4559
7785
9137
5201
7231
9967
3213
771
9289
6373
7723
5675
6817
7139
8791
5433
7305
8011
4939
4053
293
7965
977
3797
9855
2129
3053
8915
9029
463
3731
5145
53
4677
5171
6933
5663
8341
2059
3007
111
2941
1503
9567
7765
1131
6225
4401
301
173
1963
6149
2295
2783
4199
2073
8769
2213
6121
8383
3103
2405
2693
9997
4749
1009
3695
377
7179
5511
9659
155
7157
8573
8943
6489
2779
7671
2331
5837
4801
6851
8851
1573
1943
1589
8547
8513
6497
3271
1281
5319
741
5483
2393
809
3857
2709
7335
6273
7021
8853
8371
1035
9629
3467
2679
3745
3481
4013
5935
3121
6291
6305
8337
5583
3727
9163
4529
237
8669
919
1093
5147
5457
7271
3831
7887
5781
787
8463
6639
7921
2079
9153
9297
855
7787
9
3917
1689
1169
2023
9897
4039
8345
6307
2883
2165
6307
3197
3629
3775
2001
1499
5905
2267
2079
5537
6659
4553
7595
7105
2449
8803
4541
3687
8989
33
587
5265
7491
3205
8905
9697
1023
9545
1475
6893
5463
5933
363
81
4967
7669
8805
9687
6021
4129
6475
5597
6571
235
1919
7935
1153
7117
3399
2887
2323
4555
6271
2769
7659
9781
2801
7921
4671
9075
9499
405
4625
9677
6677
6731
8663
275
4509
5759
9095
5641
8619
8669
4107
1907
5231
2533
5875
769
8699
9387
1825
6899
487
9721
7655
3309
6147
5089
3057
7931
2295
5165
563
7441
3885
3343
4669
9519
2533
4507
6269
7659
8571
715
8187
6005
7943
8341
2491
4045
1771
6185
5751
5617
4743
1557
1369
771
4695
8067
6691
2449
9297
3857
3499
6415
1033
165
4151
1707
993
2775
2155
5859
7191
4541
8389
6355
4673
6271
9851
1573
2635
9649
4599
6411
8733
9373
8343
4661
8257
5617
6513
8961
3231
7569
7541
6325
8171
7543
3239
7867
8639
3261
2351
7323
7473
8141
783
7079
903
3553
1383
905
155
1533
6841
8551
5509
5155
7885
371
4211
5383
943
1027
5209
5187
2217
3523
179
4641
1783
1117
5603
7591
8223
8117
757
587
4935
9613
469
6933
3195
9515
2397
1711
8821
9437
9433
8661
1595
6649
9681
7503
3127
9369
5653
8397
2801
8285
4179
3621
3807
1687
8797
3161
4973
555
3607
9465
7559
1919
1815
609
741
3863
9907
3747
1511
6801
6607
2347
1681
1711
4449
1893
7691
3371
5021
6887
9935
4049
377
4369
1451
3619
2687
9275
1089
2977
8747
5471
9751
9645
9167
6389
4913
2403
9495
8255
3879
1667
1037
7899
5869
4769
359
3221
5
4419
4977
453
3127
3181
6833
1497
7795
1503
4743
2501
6823
3143
253
1803
9147
2467
3161
7585
1181
501
5559
7843
1735
5015
1587
1401
1715
8331
1283
977
8639
4555
557
1965
6839
701
313
6073
5463
6823
2483
9595
1897
1699
503
1553
7015
9763
1913
6729
8089
7491
6381
2313
7015
7035
8607
4339
8465
5683
9641
4539
2173
6873
5893
1953
8757
4757
7093
2925
7411
7513
7927
9921
3607
7009
995
4957
539
5993
5753
9591
2413
385
2829
8879
9525
7759
3865
9285
413
4377
195
7147
9323
7209
1637
7403
6017
1593
5831
1057
1023
7061
4607
5463
9305
5299
4179
6919
2261
6839
5123
1491
2815
7845
2113
851
8519
3259
8481
1425
6741
9391
2681
6719
9039
9607
111
5325
4223
5115
8153
7041
8829
9839
4229
6023
5497
9929
2991
275
4727
1337
9965
5087
9287
9571
7265
8473
327
7233
6687
5271
127
3033
2965
6745
7265
4405
5365
9005
3639
515
4837
8027
1359
977
7147
3421
1847
2761
4787
7299
3387
1705
2781
7511
5999
841
5709
7339
2445
1103
5987
8909
385
7295
2629
2285
2069
31
5433
9825
763
2921
373
7155
9649
4067
6347
9181
6565
7277
3103
1245
1089
5837
8343
2011
7613
9059
6223
5191
3529
3293
8009
5309
6653
7967
6023
6055
2635
887
1167
8049
5871
1477
3939
9227
9055
3597
7007
9489
5803
8933
8457
5627
3985
1891
6405
8853
5981
1839
8009
5497
1335
1121
9361
195
4153
8115
7827
3897
2805
6499
8757
8429
5965
8235
7835
3309
7735
2399
7355
2813
2111
9281
4899
29
5109
9401
917
6673
3389
6447
3923
687
859
6771
771
1139
5311
2689
3427
7573
8699
3895
7589
695
9587
4335
2687
9571
5191
3071
7025
3663
2361
7497
461
2919
1607
9863
1563
2443
4437
2143
7939
4257
3175
7619
7005
9927
8359
5113
2001
7429
8197
2933
6501
7685
4859
5017
7267
263
6505
2149
4923
8359
661
9061
3095
7065
577
173
6105
9639
979
2881
6319
7457
8115
1465
2795
6369
8263
9993
9519
5659
8339
9605
5437
5739
9797
8195
9955
491
7055
53
3685
3497
3589
1075
6239
7967
5673
5263
8023
1437
5569
9589
2985
5513
2029
4027
6795
9877
8819
1621
4871
3199
7979
1615
5213
8793
4429
8683
9509
7697
5277
1147
8063
3349
5885
7567
789
1255
505
9761
2179
1225
3245
4553
3581
4999
5015
7195
8627
5101
3651
5347
2405
6063
1145
5073
3113
701
261
3457
1443
6635
5613
8937
4197
7103
5983
6755
2109
9581
9717
1005
1829
4017
3903
9839
6005
2087
8033
5641
7053
3583
6441
455
6469
9645
9003
3803
4333
3337
4457
6349
2131
6677
63
3301
8049
4255
3641
885
5187
1209
815
3767
2973
7925
6285
1491
33
9409
171
4589
5333
1919
5329
6065
4577
59
583
3931
7729
8817
2023
7857
9991
1471
3939
909
8967
8705
1305
5291
2015
5081
1797
5647
7881
585
8099
2527
9803
3469
3907
3079
5295
8115
6919
6871
8057
7177
2981
3239
417
1401
497
8669
6435
4545
6933
7631
3793
7173
5549
663
4825
5735
5481
5929
7375
8491
2977
2707
1315
3613
2165
2051
3905
6687
4097
4503
7755
8959
907
2847
6005
379
4807
1761
2995
7027
9453
5235
4099
7913
3327
6045
2711
8153
4521
5305
5355
5879
319
3877
1819
2277
9503
1535
1443
9613
8675
7707
7341
7663
2467
3619
8979
7741
1167
329
9681
9043
5999
4147
169
1151
4569
4203
2551
7369
3589
6165
9333
8927
7885
9621
7849
8957
9455
8197
4777
9543
5127
5215
9899
2243
5585
5343
4483
4505
2565
5679
4001
6779
1683
7323
4891
2983
6495
3733
6723
1615
2875
8231
1677
9215
2985
1841
6495
2683
2271
2949
6581
3021
7907
7249
7019
4233
5417
5407
3255
9095
975
85
6379
3891
3189
7509
3371
5669
6331
9099
5907
5551
1753
5483
799
1707
9739
8521
7919
9213
1001
4979
6597
6425
6333
2549
2697
8291
2107
345
7491
2385
9171
5753
4149
5729
9159
8009
1433
8159
49
6121
2739
2615
1859
7039
9653
1157
4401
4765
2257
2955
3093
8719
5227
1189
29
3983
7851
9409
5461
2497
8407
3327
3207
3795
5517
591
1191
9939
7073
6659
3653
7075
6197
7525
5183
3555
4351
423
3719
3295
1933
587
105
1201
8785
1699
4413
6617
8111
6453
7867
4645
5657
6185
6097
2205
3079
9409
2973
5597
435
5785
4379
5739
3957
4597
4221
8673
2309
937
6313
2257
6551
5963
9859
7737
9183
3377
377
5547
6749
1465
9359
1327
3517
5561
4685
7885
5451
111
6953
1215
7361
7487
3733
7961
5529
4507
6979
4171
8451
4485
693
1845
3289
7103
7793
3757
2405
3455
5151
7289
6625
8489
8565
4383
3413
9259
5373
1873
6895
1905
8063
7451
9309
841
455
6151
5631
2727
6081
93
9111
1999
2813
1837
6537
1643
1203
4193
6969
6949
4609
9495
6779
1873
8425
6655
9631
293
4589
7823
3911
5157
5933
2275
8505
2267
1873
3781
8177
2623
3127
8979
8799
1929
6953
6405
949
2471
9267
4997
6741
221
4821
6743
9963
265
9839
6287
5039
2703
5051
837
7443
8337
4045
487
7937
6727
947
5673
9559
6775
4303
6197
4633
4593
7111
9439
2865
7709
507
3647
7869
2493
1787
7141
9311
6741
6559
5319
4975
3337
1911
4205
5385
7775
9545
9151
825
7743
4509
9423
1895
7509
1899
5023
8307
2119
1159
7093
7793
4927
6923
9095
9651
1197
3455
1783
5325
4771
7845
857
9955
1089
1817
5849
8191
511
5765
603
9431
6693
3745
509
6433
3609
2279
7095
9345
3223
1783
3171
715
7915
2413
781
4197
9929
4377
1161
4895
8009
3801
6169
9731
9735
9531
3683
1001
1395
2569
9061
6315
629
7893
5441
8067
9899
465
6489
5749
4879
1113
1409
3211
9133
415
8955
9877
111
7437
9167
1101
1173
7441
5197
2957
5113
4301
4893
1465
4019
1533
4765
6379
1947
1217
2619
3415
5547
3375
6881
7467
9069
2509
693
2599
2793
5609
8587
6129
2917
1465
453
7125
7321
3367
9299
1225
6533
7633
4899
4997
9649
9047
2905
8935
9597
6977
779
1935
5049
6079
2929
189
9785
4837
3097
939
6317
757
7693
3589
9177
2235
2993
2435
8597
3743
5587
9439
3871
6367
9741
1417
5983
8911
4011
773
2947
357
5013
8049
7703
6837
2981
7401
4377
1591
4953
2937
8377
217
1901
3137
3561
6139
4013
9367
281
3165
281
1521
8719
8981
829
4217
2071
7863
2197
9337
3611
7191
667
8895
3421
8785
4999
5783
1903
4507
4443
5907
6495
4387
5687
9727
6229
6861
6547
1529
6647
7369
3327
5989
1875
9855
7661
9671
1299
1365
5059
8559
5711
4091
7027
5981
6667
7837
7407
3417
2017
1843
4271
2075
4953
7161
3801
439
7149
8009
5863
8929
917
947
6021
9727
4469
3199
9253
9321
6507
7533
1229
771
