2500
3756
1074
9264
8156
6842
8302
6860
5454
6742
4262
3166
3256
5432
1450
3116
2862
6462
4258
7674
30
2656
6220
1332
8116
4444
3020
2690
9400
9850
9074
8918
440
4836
7966
798
7248
4654
5012
1178
5862
3288
7610
6222
8828
2656
434
2200
8614
3304
7558
5874
198
7516
6252
2328
7234
9458
4550
9376
8090
8848
7946
6018
5998
4244
3750
8436
4104
4446
368
7796
434
6890
4436
3442
2998
6844
4142
2898
8220
9668
6738
7744
3036
1136
9314
6270
9618
5932
9816
8260
3982
5672
906
102
5044
924
3738
388
526
1844
5674
4490
3662
7010
2562
3272
4918
1050
9938
3854
474
4524
3936
2460
14
3850
6800
1154
9088
5388
442
5172
7716
2446
4814
58
7692
3046
9004
1796
2192
6358
2878
3384
4672
6608
6688
8816
9036
9158
9612
4042
2484
1666
4418
506
8950
2876
1412
4180
2856
8000
2058
7522
4056
380
742
8230
4144
3046
3396
2670
2890
1446
2464
1234
4528
1944
2844
6124
9916
1936
4562
1364
9548
5284
6432
9748
2870
5396
4784
7422
7498
3686
2108
6184
9780
6118
198
2168
1696
5708
8716
360
5146
4154
3470
9974
4692
4338
9410
7672
4968
9102
422
7792
5018
3236
6676
8764
1626
5460
3174
1904
7604
9658
3174
978
9432
8574
6838
824
7780
6622
6490
4370
9838
4846
3114
8222
6112
6368
1402
3220
1404
4064
330
4528
6542
8222
2378
6026
4838
9524
3808
6432
3994
1502
846
2752
2114
5216
9000
4246
9210
8300
4196
6866
4796
3882
1498
2338
9898
702
3904
9622
3482
2948
2502
5722
622
1332
6032
760
8020
5718
5252
5506
6824
5120
8610
9362
6712
252
2888
2576
6210
7552
6360
9866
7076
4250
9048
696
9834
6836
3410
6304
1986
7050
2508
3980
4522
9168
6690
7094
4802
2510
1388
5306
3606
8366
688
5306
9886
8574
98
2462
2516
9662
5152
5936
3400
7026
3022
4568
9554
3880
418
4250
840
5086
3308
1486
7328
9072
1064
9782
5438
5000
9598
9002
5202
3320
80
1654
7998
2794
746
2896
1404
1364
4954
2366
2724
5014
6226
6116
8054
6462
1154
9738
7440
6864
6190
5222
1078
1692
1562
2458
7550
1820
1616
6886
5800
1402
6026
2044
3750
3280
4750
2224
7508
472
5170
5028
824
2486
9616
8894
6564
4648
7404
2190
4654
6300
8754
3684
5472
5012
3950
4258
5028
7682
7544
8580
2256
8114
7316
8238
7330
6816
8850
9826
6910
1620
5352
2354
2404
4444
7300
4030
2402
1034
8216
1698
1476
8178
8542
4418
9666
7616
2820
9778
5074
2722
4366
2462
6006
9232
1590
8096
1492
924
5744
3534
4696
9802
808
638
8942
9906
4276
1468
2604
4896
6154
9504
1134
4446
4340
8198
7834
6880
9198
3480
8638
394
5078
948
3658
4422
1328
9224
7432
6192
6950
9100
5350
1602
7834
4256
5394
9808
9614
7158
9786
9214
6302
4650
1518
9896
9800
2222
5138
966
718
2748
6700
4692
114
7366
8168
5864
1728
4216
5114
9780
1830
2214
6296
7142
4414
722
1100
9142
2934
1796
2834
9090
5480
7210
9114
694
9250
4276
4648
5996
914
8554
2472
2614
8142
5056
2832
8024
7792
9150
2082
3464
5800
3282
502
5912
3620
8024
82
1052
6930
5202
4136
4892
7954
7588
7040
1958
6406
2236
4398
6322
4102
1352
332
4020
1558
7798
5570
4894
4710
3238
1608
892
3546
3036
4956
4366
8914
8766
1496
6586
1656
4310
9742
300
9476
670
6238
886
2906
4126
1842
3164
1366
990
7548
568
338
9292
6064
8114
6830
6662
8698
262
3464
2948
6338
3676
2292
734
9446
7806
9572
4268
4748
6170
5572
1856
822
7768
4044
1224
4424
2498
1838
3140
2288
7314
4568
244
3648
9714
1112
1714
9066
3688
5578
5666
872
1564
9774
5476
7298
250
3518
6826
6988
5674
7592
6176
4410
3058
9364
7654
470
8388
8078
6990
960
3722
2712
516
1810
7648
3792
3702
5378
3362
1318
8398
856
8028
8842
2560
7050
1816
9336
1564
4072
3904
3606
788
6938
2406
4658
5084
2940
5174
4600
7274
8140
6876
8132
8178
6086
2478
4480
1600
3336
8436
9832
8434
6726
9594
9616
3086
2928
2976
8334
1646
2018
9186
4808
3854
7292
52
2662
3430
428
4336
7650
824
8004
5546
2266
7590
6756
870
840
9926
2356
9728
5400
1590
2908
1456
2904
2892
8578
8978
4226
2850
1076
3644
5220
7936
5756
6378
630
1604
5238
2934
6566
7844
9484
8814
3998
6066
3046
7956
6522
2732
1276
406
960
3412
6912
180
892
8044
1530
7850
9824
8388
1710
2654
1022
9804
3578
3054
9666
4320
2736
9682
6350
1734
1148
3662
7492
1544
8194
7450
7056
2194
4088
7112
7926
4414
8328
3318
9648
9468
9386
2526
3796
3680
3264
3110
84
3826
9624
808
3116
9210
9298
3596
6388
1804
1954
2838
4464
8104
6292
1732
190
2092
7488
9022
3994
9518
6682
7664
3408
2618
5376
7048
3808
1468
2942
708
5214
600
5930
3804
4954
2342
642
7312
1104
2712
6288
3228
4528
3656
3650
6426
3824
2248
5882
982
4880
9626
7518
6310
9574
1358
5970
2584
6304
2578
608
5974
8218
574
5952
8498
5086
6718
7272
8872
1684
6150
258
2486
3158
3160
8790
3644
4934
2026
4844
9924
4182
4556
2998
8108
2362
3824
110
7322
7338
2772
1322
6686
5362
6130
7280
5008
3584
9980
876
6026
8094
5242
3096
376
7796
3148
9504
6100
4418
2898
2724
2756
4776
4724
3230
2208
2368
4924
1100
4396
8954
2356
8206
3018
52
8998
9686
8834
5332
6492
2682
2954
470
6508
1982
768
4600
6484
482
4076
9168
6816
7336
6258
6462
1722
2586
7004
9968
7126
3198
9334
2272
4162
5978
4916
3744
6556
8812
302
5228
3302
9440
6598
8802
5924
4082
1286
7994
8740
2304
6878
900
5904
1934
2970
844
90
7722
9148
5288
2350
2816
8796
2364
9214
1512
3304
6962
8368
2546
6014
6496
5776
6110
3042
2442
5062
7020
788
3568
4108
6174
4046
2548
7968
1172
5838
1746
3896
2212
8598
7858
1020
2956
2420
3618
4456
1672
8118
7630
3094
8868
3520
4514
1306
3190
8958
9706
1610
8112
6244
4584
3484
8808
6086
4912
3590
676
4420
9046
98
144
4130
5216
4792
3382
8442
7730
8028
6522
7808
2310
7496
7000
6734
934
3966
4074
2042
9186
9156
3970
4224
8330
5902
292
9942
9960
392
8798
8010
7220
6686
1812
8
9568
8476
492
9472
3866
4470
7986
9722
8444
7950
5910
7370
8846
4550
3476
6732
396
4752
6454
9574
94
2820
2352
8304
5570
8604
4170
4
9640
1662
9260
1420
6476
9788
8432
4882
462
7672
5442
614
8260
1906
1474
5632
5870
2578
1470
3570
8444
2236
5202
788
8916
320
2042
9668
4728
1584
644
6906
5624
7032
4762
3150
8304
5490
7022
970
7474
3658
8912
7032
7172
1304
8010
5860
4774
6082
6076
7274
358
5432
7208
4512
9134
4588
4110
5438
9620
9156
122
9926
6852
8070
7520
60
8730
9748
650
140
9924
4268
1682
2516
6378
9994
300
9054
1936
5446
6510
9280
3036
8944
9364
6862
5492
6516
9480
2204
5138
576
7110
2848
4140
3166
490
4296
3858
5722
6526
8154
1198
2390
7802
938
6574
9342
462
4844
4782
7288
6136
4840
7968
9412
2208
1750
1140
130
5830
9904
5382
8816
6952
2488
6340
2214
592
8476
1788
6930
7340
2460
5718
2320
3146
8662
8678
5900
5356
1864
2406
5944
5888
1628
7390
4358
994
3732
9466
232
1166
9292
6068
1878
6810
3354
638
6146
506
2640
6818
1190
1230
7398
3156
6480
1300
2374
6290
156
1058
5808
6224
7602
6910
6442
6576
9702
8032
8090
4654
7038
7636
2458
1250
3788
3712
9558
6340
230
7488
6026
5106
1346
226
3762
6980
24
1962
8532
7938
5744
6030
4174
246
3974
4340
1156
3852
6086
2570
6724
1260
8358
4086
4824
8730
6540
968
4456
5652
4704
8302
6542
8682
5508
9092
2544
7094
1106
1690
9262
2228
3686
6214
472
5464
6316
4414
6972
1062
6092
8424
7542
9856
330
24
4810
3500
5804
4786
6966
1184
6682
3954
5624
8334
3272
2950
9762
1856
452
2362
8414
1104
5464
7188
1848
8050
6830
1162
3430
3530
2080
8030
442
958
7172
5380
4076
7590
9766
7562
2158
2956
7234
6718
1172
6908
2956
7954
2362
1918
5024
1138
7274
6812
9056
7558
6
5282
364
426
1516
2852
36
3576
8704
3648
206
2422
3014
1548
5622
2390
3232
9892
3194
124
6136
8836
800
8848
3494
5420
5098
3914
3088
9636
6348
7206
5752
6382
6382
8818
6682
4644
4002
456
3134
7864
4498
6232
6516
5856
3174
3946
6246
6562
9502
338
9632
6352
1190
4028
5918
1238
3810
1990
2588
672
2288
882
6166
7890
8610
3396
5116
3174
9616
7758
4442
7962
684
1464
8654
1846
7766
7338
5834
2746
2644
9110
8236
7940
8556
9314
1342
24
826
8264
4880
2048
5828
7694
8060
262
8418
1892
584
7024
5206
4334
8290
8358
3674
3094
7724
4870
8570
5258
1126
3144
388
4154
526
2770
9322
1094
4714
2850
664
2216
9494
4590
1020
1754
2914
9474
6012
2866
4104
9362
132
7956
7466
5456
7268
790
1834
7588
5348
9944
658
8286
7252
2238
8516
1614
726
8010
8644
8630
7520
3154
1938
9030
3660
9590
4738
6158
7662
2844
6056
5058
1284
2852
9168
4008
9114
282
6144
9542
8390
4520
3156
4060
3994
9114
8534
4542
2942
3936
1128
6716
778
2850
364
6242
884
6638
9238
5376
344
6492
5824
4960
206
5950
9154
2756
8644
4680
8220
1300
132
1428
3856
8042
8378
2878
364
4030
2234
7026
1282
624
9060
8302
9022
8688
148
42
7210
9456
4340
7240
7794
806
6238
9428
9064
308
3158
9164
6312
5844
4788
136
6756
72
6958
3572
1812
8228
7830
6282
9796
9352
1978
5954
7626
3640
4368
4292
6046
2242
8422
8694
6986
7438
9758
6084
8946
7266
7428
9976
5644
8970
3686
5204
4764
3546
9720
970
8184
3698
7490
8918
2064
4994
1056
6310
3334
5090
7154
5140
5372
4792
8756
9864
9514
5012
6384
644
6420
7322
1618
6224
5530
3514
6564
6916
2012
1764
9938
8228
1820
8910
2236
2184
9002
4080
6932
5146
4934
9892
5196
6504
7074
9158
8192
2486
8532
2712
5976
3870
4750
670
4856
9692
9774
5202
4630
7710
2324
9206
2044
1230
9498
6430
770
1164
3896
5458
9282
398
2200
9288
6110
1344
4980
6402
4648
6176
4124
476
4052
840
9782
4742
4336
7468
466
3038
1230
7850
2788
5172
78
6906
8750
2628
3496
9064
3064
8344
7362
2208
6168
4502
9788
9310
5432
4520
7626
7390
3860
2766
8758
6670
4852
6856
1692
7528
2226
3790
2884
1990
722
3466
5886
2506
868
5262
6214
20
1310
3626
7292
6772
1912
6668
7348
2026
8830
3806
5242
9978
5532
826
5688
8834
5106
9470
2612
2368
5908
5996
970
3980
5534
1356
9820
3092
4826
350
500
2034
9434
1012
1058
9586
7564
2380
9806
4050
1486
7012
2458
5674
5494
732
8288
9296
2222
8960
7872
7502
5756
7366
9912
5996
6930
3670
278
8788
5048
4770
1612
5776
9978
8558
2900
6894
6786
8252
1262
7856
7334
4716
436
4306
9854
428
3850
3672
9768
1566
4666
3870
5400
7592
5828
9090
5942
2390
2840
1432
504
7064
2878
8318
8398
8734
350
5788
3278
192
9050
7560
8704
4504
7836
7958
2486
6484
7914
6716
9678
22
8754
526
5200
608
3972
7132
9024
4774
80
8572
4130
3772
6372
4510
2976
2028
4980
926
982
7170
7434
8852
1948
2742
9760
3018
9718
9410
1850
2848
6260
1266
8914
3726
8420
4764
9780
7294
1100
5970
4976
2208
7052
2790
1456
9484
5772
9374
2250
2452
8614
9030
6178
4010
6196
8920
2568
1228
7474
9178
8738
6044
4216
2162
8662
6098
5746
6174
8298
6396
8050
3990
5324
1956
8272
3826
9908
1104
5352
1560
1768
2990
6396
2796
7838
4402
2184
2890
2530
7342
4100
7004
3876
4542
3630
6988
3570
4510
2562
8236
4616
3184
20
3702
8112
7020
8734
7624
2980
3756
6264
7572
1932
5910
6732
3698
9888
926
7462
6844
2310
3610
2190
2810
1930
3572
5516
8796
454
5308
4144
1666
8140
290
1992
9566
8586
8136
6794
220
1232
1100
5976
9478
332
6408
5842
8854
4414
9668
3786
986
5626
7812
8472
3420
7678
2936
3472
4308
2220
7020
7750
4912
7080
6136
522
7912
3152
1196
5716
2946
4780
1086
5000
9312
2736
806
9336
1394
8384
6046
2452
6400
3340
4372
4336
4736
6144
2238
5748
5996
4610
9306
9314
2386
2074
2834
886
344
9726
4776
2070
6826
9640
7584
5612
6264
8954
7686
5094
2790
3242
3312
9802
6496
5752
6802
3198
1932
2898
1204
430
7790
8330
7520
8552
1754
5238
4796
2526
7082
9762
6882
8104
1824
1900
5104
2284
4596
2894
4360
6224
1294
6070
7786
3110
64
3498
2818
6700
804
7894
1246
56
6302
5980
5264
3062
5478
1456
5980
146
5340
5202
9726
514
9502
5042
5274
2046
4346
9194
3086
9498
4168
1540
6078
3408
1682
8788
8544
5518
9242
822
1326
5538
1140
6618
3548
2830
370
8884
1224
4092
3884
8308
5162
1204
866
6900
5204
9508
5742
556
1188
1864
1720
4214
5466
5762
5114
7940
8720
7016
2538
4494
3024
6550
1022
4710
1706
4462
9232
6438
5048
5606
7124
5812
7098
3290
4454
5750
1018
2620
3016
9938
5920
1718
4
4330
8560
5724
8902
9742
5834
1662
2210
2622
9302
6582
7478
9304
8714
8492
2936
9028
3760
5162
3256
1120
8702
5972
8752
3594
8152
2220
2388
3340
6502
3126
8982
7568
7006
96
3350
5224
8956
5662
1974
4540
3918
5804
2578
5998
4558
1076
4574
9044
1126
9258
5796
4846
9904
9026
4108
2504
3810
6438
2304
9484
6750
9052
4870
9718
2344
1476
7600
5916
9608
3712
8522
1694
2028
7768
3388
2628
2174
2470
4394
2382
1930
2568
8978
362
7226
4694
3852
4668
1894
5668
9510
5592
7322
5800
9690
5974
7268
6908
1904
2468
4988
4678
1934
444
8548
9128
5290
7104
1350
6448
9646
7992
5760
2728
9726
6538
4292
1108
4032
6190
2832
1230
1270
9348
1744
6204
4712
9428
2264
2112
3508
5830
3308
8040
8254
4390
8596
4488
6754
4222
5382
3916
5968
5110
7162
7158
7228
2648
5944
8332
3162
1010
4582
8104
2940
6082
5910
4258
7104
7814
2452
6988
3200
1110
5854
3464
6608
808
9528
6104
2904
9616
2520
5204
5780
4182
2304
6482
8400
66
5592
5298
1388
4680
5358
6826
7606
2494
9866
796
852
3748
1098
8362
8692
9546
8320
1634
3934
6708
2470
5772
7184
1914
3006
5594
4226
478
9688
636
328
3708
2728
5248
8408
688
8702
7080
6240
7508
2738
1154
3766
5574
6172
8398
6484
4766
5492
1560
1350
616
5462
6182
6162
412
8330
3864
9086
3548
5604
778
3432
6962
298
5978
124
8752
1484
5690
8328
1728
2070
1798
6152
6180
6142
1628
2202
7252
3264
1520
6578
8318
7250
9590
1192
9982
100
5344
1744
9940
6346
3060
6412
4288
7210
9320
9232
9058
7522
6034
1034
9130
3956
8606
9380
4742
4212
8964
2494
8790
3470
3388
6832
2208
4662
9690
6502
5144
4282
1984
6370
4004
6748
5296
576
7278
1224
778
9530
3090
6350
4212
5780
7794
4896
5382
4012
3934
4318
9980
5460
5046
6878
5698
8074
228
5210
2352
2728
6464
5278
1114
5458
4474
2154
9752
9790
4610
9844
3522
7934
1014
1992
8320
1944
4718
8948
5736
3690
6986
7524
1598
1532
1022
2410
5834
5114
7236
3554
292
8596
1058
556
5224
1922
598
3050
2502
7582
198
7222
1040
5566
9510
4632
5804
9942
5712
3422
6880
9244
6274
1884
7034
8904
2940
6370
5046
3142
8666
2036
3392
8192
714
8538
464
9810
2170
7878
7892
7186
5822
2726
6460
5294
2580
1062
8390
5910
6628
3438
7804
6522
34
8854
1082
7086
2252
3332
5084
7120
2730
3696
6882
3148
4614
962
4314
5120
6760
6458
2526
2356
2498
6464
3350
7358
3376
2858
3038
6534
6598
3048
1146
2910
5164
1202
5038
3538
6820
8880
1344
596
7860
5002
1936
8194
4480
7696
5730
4414
7664
1616
4746
7090
1968
6152
404
114
1072
7180
7526
9736
7876
342
2528
5958
6766
5928
9632
482
8704
7954
854
6330
3842
7812
4012
8216
7802
4630
7140
3388
854
7200
2592
348
2930
2352
9324
616
6702
3764
382
2922
3278
6884
6640
5046
3012
8432
8628
9514
6536
8456
1590
3676
9532
3134
2938
6770
8046
2960
2710
3970
536
1036
9268
3970
6508
5966
9878
3102
8668
3396
7178
8904
1774
5808
1096
298
7480
5622
6528
9490
5896
952
3434
1180
9068
7396
4042
8880
568
1026
3014
8686
2148
3358
1356
6518
82
4066
3100
1476
7650
7222
3360
6222
9694
4068
9390
6876
1772
4676
9348
2518
9984
1502
8796
3476
9106
2528
1284
2666
5674
7354
7058
2648
9502
1706
520
2030
7668
6664
3278
6302
5278
7006
2516
9150
5256
7272
2548
7832
7072
136
2742
8444
3922
2318
134
3214
5320
4376
7708
554
3592
6494
9738
8572
8728
3990
8568
2308
252
2846
7760
1604
4364
828
7458
3068
6788
2374
8630
8730
1592
7834
6778
1390
8830
1248
1490
9644
7120
4810
5138
2208
2468
770
2770
7144
3194
7962
3508
9414
1406
6122
1508
2238
5314
1584
3134
2984
6172
4634
6056
5574
2010
3412
508
3966
4242
3796
7328
9214
4448
3466
1464
2188
662
1854
8982
7476
8682
8736
1284
5570
9426
3950
332
7378
7210
3238
4526
4604
9980
6034
3986
9536
5146
6272
4112
9192
506
4208
7316
1566
5442
1254
5158
3340
2380
150
394
3464
6540
4904
9824
9106
188
8512
3880
962
1600
4078
5808
1244
3216
2260
9460
6442
5754
5370
258
400
2702
6350
9964
2238
9026
2022
8322
7928
6476
2202
9472
6822
204
5764
9658
7250
9184
6822
5910
4988
106
7382
5694
8148
696
5812
9986
1728
6342
4698
782
318
7260
2252
7950
7242
4864
8070
1540
4718
188
894
7120
5464
9780
3514
1328
9586
9474
4306
8166
532
8386
2536
5680
3812
2322
2122
1606
8744
4540
8306
5602
7798
5660
3722
2976
6890
4402
454
4238
7786
8644
9354
5970
5134
3172
6478
9994
5358
3148
3374
6276
4948
8284
6470
9532
5884
258
6794
2068
4338
1604
260
3794
1570
4108
4376
5822
2568
9580
3986
4378
3120
6902
3684
4214
968
3114
3564
4232
5100
4222
2848
2970
3056
8648
4098
3448
8974
1218
4284
7330
9692
2426
3992
8032
8268
5470
3550
2738
8352
5206
3760
6614
3692
4440
6368
6506
9896
2940
9602
2754
8574
3006
6258
2778
70
1234
7816
9396
476
2600
2584
9132
9568
150
9636
8760
7316
4924
4144
6304
1460
6414
7232
4982
2794
3324
3676
7598
4968
5306
7370
3852
5978
8748
762
2248
1610
6182
8866
9560
9754
1432
8358
2398
8512
2340
3700
3832
8096
2880
9328
3312
782
6404
9564
8512
4730
9652
2810
8512
84
5140
338
3524
7438
2852
9256
1434
9292
7786
9370
7166
3140
7642
7872
6204
9136
9230
3362
5518
1654
3872
7498
3052
948
4432
66
8024
3384
5404
3218
7830
2724
5176
4746
6580
2476
8630
1374
1340
2852
1978
2262
4392
5440
4338
4568
2250
1544
7620
1098
2534
6902
2788
3718
1482
7338
2162
5738
6456
262
3936
6278
2240
1420
2258
5456
7354
7524
9912
236
1278
4774
2752
3082
704
5246
940
8380
7864
6640
5944
7542
7968
6792
3086
6302
6078
3446
6152
5052
2696
5882
1022
1302
2872
1988
388
9834
2898
9506
1370
3212
142
3920
8964
9924
6114
3316
7298
7562
3676
2504
184
6996
6412
2530
4614
2686
7036
9550
2276
4598
1552
4206
656
274
8430
9080
1854
6974
370
5922
1258
4706
6738
6694
8370
5478
6584
8642
2518
3284
8426
9952
1762
3304
1638
5376
4914
5920
5344
4902
8368
5362
864
3386
3054
346
3456
3260
3604
390
4408
2230
442
8878
8444
7322
8008
9042
1146
5074
5404
504
3348
5554
9124
3472
5748
1098
2798
4002
8810
4580
7704
5280
4502
6824
3612
4260
6058
6342
9542
868
590
1490
4328
1464
5440
404
8248
6760
2756
1812
3010
3870
5118
1222
2450
3136
9478
1748
5358
9138
572
6958
176
672
320
8610
2680
3992
4008
3238
4364
9880
3632
3270
3636
512
8938
760
5418
420
1592
6872
9862
7526
1816
4194
9138
9314
106
6828
9724
9668
9240
1766
4950
6172
264
6684
6130
6810
1480
4530
6772
730
3750
3492
9130
4956
8042
1758
856
5376
8988
7112
8642
4100
2846
8256
7448
482
4404
6102
2752
6736
5570
3054
4206
5984
7674
150
3244
1066
3608
9816
2686
3702
9170
6570
2472
7428
9224
5440
744
3554
5618
4674
4602
8410
4752
7622
3204
9380
3584
3380
5800
5032
7430
966
8972
2012
1584
552
9918
6718
6912
3538
7080
3840
2314
1462
8782
6600
4256
8098
5052
7046
2422
7192
1692
4182
6840
5980
8248
1200
2992
7946
6174
3180
1450
1254
8584
1710
9134
1670
3060
4574
6556
3854
7852
2266
3810
7408
2838
3408
2290
6360
2730
6814
3590
208
5118
5714
234
3558
7952
3938
288
382
8976
6318
1162
5080
2218
1192
4164
8138
7490
1320
2280
4620
3976
3626
9328
2318
2808
1050
2496
8732
702
8566
5752
8444
6202
5462
2964
4944
632
3222
9136
4020
5652
7388
1096
6598
6388
7014
5858
536
8340
4282
3982
5108
2390
1238
1116
5438
8018
4402
6306
5588
8802
6018
2396
3750
5634
8634
7326
1994
1654
1768
4896
5746
7312
6058
4968
4010
2572
1094
1520
8756
5928
7980
9268
8110
3088
5252
5622
5758
4586
782
3026
8386
8968
4804
4068
1030
8272
5636
2512
9638
1568
8722
9650
8742
6810
4716
6402
2322
1094
2390
3362
7446
4406
8332
4980
7934
9076
4838
7890
888
8298
2594
9626
5412
6438
1506
3104
7792
9150
7124
3518
4968
4868
5536
5004
6314
112
2926
8880
5516
5978
4066
4466
6976
2434
1768
8146
7228
6806
5616
1372
722
9096
9682
1272
7684
3848
5208
5400
1312
6378
2972
6932
6510
1644
9632
4130
9248
9688
6216
166
1166
3334
6014
6282
2692
8094
6066
3234
7282
9240
4052
6676
2162
9644
4424
3958
3506
3438
1758
7076
6476
9764
2472
8474
9934
412
9456
1962
2192
6432
9836
2430
7650
9724
290
6010
5088
1516
1954
1936
1786
5156
1390
9506
8954
4064
222
5426
8768
5806
2128
948
4308
5782
6632
3874
446
3112
9944
1918
7240
3850
778
4242
2030
7080
4342
356
960
7862
6406
9104
9706
3128
8950
1558
8590
7548
1224
8662
5138
7382
7298
8240
5288
562
6776
680
4212
9962
4282
3566
1324
7608
3720
5688
2972
1862
5602
7832
8544
8274
9214
5740
4192
2082
9680
8502
9288
9358
3038
5732
8662
4994
6086
6718
8088
6150
5892
4436
6658
9216
7416
4416
8260
6850
3930
1606
4430
9544
3354
1592
9850
4588
9968
8846
2436
5210
3656
8470
5620
162
5144
5456
6754
5800
8304
5014
6298
3626
9748
2336
5106
2910
2970
5488
6098
8234
8990
5128
5058
3448
1568
5418
9860
322
532
5628
1754
2682
234
8384
3998
794
6918
514
6488
2704
154
6456
5110
5398
6062
9102
5000
8432
8626
7314
80
8082
3222
7080
1164
3122
8860
1422
1894
4310
44
8418
7978
2062
2386
6010
9182
1106
1888
384
1488
1518
6308
7330
9436
8152
5132
5242
4894
8712
522
5680
9384
686
3530
5592
2502
2898
5570
9610
5014
4106
9800
2036
9504
9304
7954
2438
6010
2600
1144
2766
5522
4578
9540
1978
8836
1574
8968
5062
7418
5666
5882
2750
7126
8082
4408
6878
4138
9902
6060
1772
4388
458
2486
9076
9500
6574
1294
6162
2764
5514
3994
9574
3890
3960
5660
4754
670
9282
1538
3434
8370
2874
8914
8376
160
4824
5538
9154
4548
8016
3350
8806
4448
8106
2352
5452
1088
2162
3046
9096
7880
4304
9482
3308
6198
4672
9128
1924
648
4172
5422
1600
4738
1146
6020
4414
7620
322
840
5154
9534
1164
8366
3308
9194
1328
674
8320
1704
5042
996
6294
4806
1148
4196
7870
3642
1982
9866
5914
7386
1830
9358
2572
7938
9558
7496
1810
3628
2774
7322
2412
5524
6106
3888
430
1942
6484
4704
9796
2856
5750
190
1864
5472
672
9504
5900
258
4612
9592
2700
2650
5584
1972
5250
7864
8594
6668
9422
6216
5998
6420
2154
8060
7184
3554
854
8992
5908
8590
1630
6440
2722
3610
4238
5092
6324
1460
1010
3004
4622
3454
7956
7496
9178
9536
1228
8618
7108
462
1984
2848
4564
5310
7750
7166
4976
3986
8180
8860
7878
5706
846
2646
4148
6402
9688
3720
6574
8714
3630
5772
3132
3670
8184
4880
1714
7900
300
3714
204
998
7814
2278
512
2108
3110
4218
3806
3372
5308
564
5826
592
1858
1848
5572
8952
9558
5606
3246
2780
556
84
5536
9988
7640
192
2002
1294
2722
6708
6662
4538
2322
3566
9488
7632
9584
1148
3458
4992
6832
1602
7386
7460
7784
1704
6858
3430
1966
4774
8578
2530
9036
7716
2108
2858
5894
9702
5350
1320
3238
5698
2554
4944
4206
5996
6214
2226
8428
6190
4868
904
1506
5142
4920
386
862
7936
2638
5120
3586
8092
4232
6192
1520
9454
18
7476
132
9586
6942
7794
7280
4038
956
2480
7088
8646
7538
38
3206
8886
1276
106
3486
3498
8924
1472
2022
1484
4674
7586
8124
1654
2224
8472
5670
2814
5946
3092
3778
2404
1676
6758
4628
7954
9362
8598
6436
2982
6598
2806
7942
6980
632
5022
682
176
5276
1410
4178
8894
2048
5714
9796
5484
8170
3948
9440
5032
6136
1976
8252
1342
2308
1718
136
9642
4998
356
2938
1136
2600
1696
854
5524
7294
3240
1444
482
7748
1310
5434
8810
9236
7634
6812
8362
9832
5768
5364
578
980
3894
7030
6160
7188
6406
1100
2762
7132
5962
6550
4024
7398
138
1456
5728
4764
4424
6290
7604
3446
8532
5932
9160
5264
5166
9606
7150
980
5298
7724
8984
204
5980
3498
5672
6528
5092
8040
7998
448
2560
8968
1496
7690
6138
4546
8904
5078
4980
4868
4698
2606
9818
1328
6610
1812
5470
1594
8980
5582
420
9434
314
6134
3062
7166
2484
516
5372
1650
4438
6286
2832
3694
7398
22
6542
6
1870
6318
7424
4858
1878
5418
6524
1512
3154
9674
9806
2000
2526
6084
2038
448
9894
7824
3362
8404
1088
8092
4728
7702
6276
946
5172
9416
7234
8274
8388
3294
4206
5308
6312
1980
7898
8994
3876
7540
3812
5022
2140
604
4600
4388
7992
3672
3140
2804
2328
8208
9728
274
6404
7056
9352
4566
1174
2422
2046
8650
6310
9772
7482
1186
5596
1880
9344
1268
3854
7320
3968
6764
1116
8796
3772
1864
3870
1806
6996
5210
8286
2528
9160
4196
6154
6858
3502
5398
8284
1874
8290
4684
5766
384
4746
6256
468
6464
420
4578
7344
9090
7188
4186
186
2520
5546
9802
8088
3052
6966
156
608
3998
1442
8322
2806
858
8202
558
718
6906
6118
3170
5910
3120
2596
5220
5396
6022
7180
220
6468
9754
7880
1134
9706
4904
192
1792
9978
5906
9086
1102
9172
5014
4458
5318
2172
324
9428
5044
1160
3332
3794
3966
5790
8656
4758
28
1970
5962
7966
7644
2286
792
490
9286
8886
4064
60
494
1158
2284
4116
9206
9730
772
8822
1598
5744
858
1890
7516
9920
388
1986
9742
4810
6484
4026
9826
9592
6476
7086
1268
788
6060
1760
5532
8536
7930
9082
9666
6044
2090
1656
1316
3382
9688
8704
3938
2544
4164
6984
6658
2694
7302
840
8664
3132
5738
256
8222
9700
5944
4864
6594
2
6532
9614
2362
1350
972
3568
1698
6168
4242
5554
8428
7346
4074
3880
3578
9578
8214
8332
8856
7298
5768
4708
2048
6204
7068
8556
8874
6098
2028
9488
1540
5318
1534
2342
6100
9654
4256
472
8124
3560
6198
6056
172
3422
9322
3202
1942
3262
9440
5844
2
1514
6906
7582
8750
4232
1270
5098
8484
7850
8662
8480
8136
6128
8340
6130
3412
2854
2600
1312
1896
3170
1782
8468
6260
3476
4608
1178
8932
8948
7044
3228
1002
98
8540
7310
526
6242
8336
6396
7826
6648
4614
8296
8268
1812
6894
8316
7678
7322
9892
7350
4102
506
5018
2978
828
7986
2472
2042
3826
4914
3500
5130
5764
5296
3904
5382
260
2622
7244
3150
5770
8818
8996
3656
108
9484
6556
540
9330
6214
6882
5866
2514
6270
1840
9034
1072
4002
5566
3962
2160
4558
5980
8700
8722
86
606
9714
3806
9940
1912
5198
7098
3428
1732
7706
3976
3562
344
2148
998
9200
5750
1304
634
9340
3590
8138
7922
2170
90
9984
7656
5868
7448
6402
2640
46
5844
3512
9084
2272
2496
6624
9716
2782
2740
4030
1500
138
7918
1234
2702
1496
3452
8704
7112
4138
6266
1798
8484
8762
1840
2844
3410
4842
6340
8794
4114
8708
8488
7862
7576
3502
